046054530138890607210049623
046054530138890607210049623
046054530138890607210049622
046054530138890607210049622
046054530138890607210049378
046054530138890607210049378
046054530138890607210048026
046054530138890607210048026
046054530138890607210049621
046054530138890607210049621
046054530138890607210048027
046054530138890607210048027
046054530138890607210048029
046054530138890607210048029
046054530138890607210049620
046054530138890607210049620
046054530138890607210048032
046054530138890607210048032
046054530138890607210048028
046054530138890607210048028
046054530138890607210049389
046054530138890607210049389
046054530138890607210047990
046054530138890607210047990
046054530138890607210049399
046054530138890607210049399
046054530138890607210048058
046054530138890607210048058
046054530138890607210049033
046054530138890607210049033
046054530138890607210049608
046054530138890607210049608
046054530138890607210049397
046054530138890607210049397
046054530138890607210049377
046054530138890607210049377
046054530138890607210049032
046054530138890607210049032
046054530138890607210049400
046054530138890607210049400
046054530138890607210049035
046054530138890607210049035
046054530138890607210049036
046054530138890607210049036
046054530138890607210049030
046054530138890607210049030
046054530138890607210049031
046054530138890607210049031
046054530138890607210049038
046054530138890607210049038
046054530138890607210049037
046054530138890607210049037
046054530138890607210049675
046054530138890607210049675
046054530138890607210049610
046054530138890607210049610
046054530138890607210047962
046054530138890607210047962
046054530138890607210048003
046054530138890607210048003
046054530138890607210048001
046054530138890607210048001
046054530138890607210048006
046054530138890607210048006
046054530138890607210048002
046054530138890607210048002
046054530138890607210048017
046054530138890607210048017
046054530138890607210048981
046054530138890607210048981
046054530138890607210048014
046054530138890607210048014
046054530138890607210048013
046054530138890607210048013
046054530138890607210048010
046054530138890607210048010
046054530138890607210048020
046054530138890607210048020
046054530138890607210047961
046054530138890607210047961
046054530138890607210049599
046054530138890607210049599
046054530138890607210047985
046054530138890607210047985
046054530138890607210047998
046054530138890607210047998
046054530138890607210047999
046054530138890607210047999
046054530138890607210048015
046054530138890607210048015
046054530138890607210048005
046054530138890607210048005
046054530138890607210047964
046054530138890607210047964
046054530138890607210047997
046054530138890607210047997
046054530138890607210047984
046054530138890607210047984
046054530138890607210048021
046054530138890607210048021
046054530138890607210048024
046054530138890607210048024
046054530138890607210048016
046054530138890607210048016
046054530138890607210049609
046054530138890607210049609
046054530138890607210047963
046054530138890607210047963
046054530138890607210047991
046054530138890607210047991
046054530138890607210047975
046054530138890607210047975
046054530138890607210047974
046054530138890607210047974
046054530138890607210047981
046054530138890607210047981
046054530138890607210047983
046054530138890607210047983
046054530138890607210047982
046054530138890607210047982
046054530138890607210047965
046054530138890607210047965
046054530138890607210047994
046054530138890607210047994
046054530138890607210047980
046054530138890607210047980
046054530138890607210047979
046054530138890607210047979
046054530138890607210047978
046054530138890607210047978
046054530138890607210047977
046054530138890607210047977
046054530138890607210047948
046054530138890607210047948
046054530138890607210047996
046054530138890607210047996
046054530138890607210047993
046054530138890607210047993
046054530138890607210047986
046054530138890607210047986
046054530138890607210047987
046054530138890607210047987
046054530138890607210047988
046054530138890607210047988
046054530138890607210048019
046054530138890607210048019
046054530138890607210048018
046054530138890607210048018
046054530138890607210048000
046054530138890607210048000
046054530138890607210047972
046054530138890607210047972
046054530138890607210048009
046054530138890607210048009
046054530138890607210047995
046054530138890607210047995
046054530138890607210047973
046054530138890607210047973
046054530138890607210048031
046054530138890607210048031
046054530138890607210047992
046054530138890607210047992
046054530138890607210048022
046054530138890607210048022
046054530138890607210047971
046054530138890607210047971
046054530138890607210047950
046054530138890607210047950
046054530138890607210048004
046054530138890607210048004
046054530138890607210047976
046054530138890607210047976
046054530138890607210047989
046054530138890607210047989
046054530138890607210048011
046054530138890607210048011
046054530138890607210048012
046054530138890607210048012
046054530138890607210048030
046054530138890607210048030
046054530138890607210048033
046054530138890607210048033
046054530138890607210048025
046054530138890607210048025
046054530138890607210048023
046054530138890607210048023
046054530138890607210048230
046054530138890607210048230
046054530138890607210048229
046054530138890607210048229
046054530138890607210048228
046054530138890607210048228
046054530138890607210048227
046054530138890607210048227
046054530138890607210048226
046054530138890607210048226
046054530138890607210048225
046054530138890607210048225
046054530138890607210048224
046054530138890607210048224
046054530138890607210048220
046054530138890607210048220
046054530138890607210048218
046054530138890607210048218
046054530138890607210048219
046054530138890607210048219
046054530138890607210048223
046054530138890607210048223
046054530138890607210048222
046054530138890607210048222
046054530138890607210048221
046054530138890607210048221
046054530138890607210048243
046054530138890607210048243
046054530138890607210048242
046054530138890607210048242
046054530138890607210048241
046054530138890607210048241
046054530138890607210048240
046054530138890607210048240
046054530138890607210048239
046054530138890607210048239
046054530138890607210048238
046054530138890607210048238
046054530138890607210048237
046054530138890607210048237
046054530138890607210048236
046054530138890607210048236
046054530138890607210048231
046054530138890607210048231
046054530138890607210048235
046054530138890607210048235
046054530138890607210048234
046054530138890607210048234
046054530138890607210048232
046054530138890607210048232
046054530138890607210048233
046054530138890607210048233
046054530138890607210048256
046054530138890607210048256
046054530138890607210048255
046054530138890607210048255
046054530138890607210048254
046054530138890607210048254
046054530138890607210048253
046054530138890607210048253
046054530138890607210048252
046054530138890607210048252
046054530138890607210048251
046054530138890607210048251
046054530138890607210048250
046054530138890607210048250
046054530138890607210048249
046054530138890607210048249
046054530138890607210048248
046054530138890607210048248
046054530138890607210048247
046054530138890607210048247
046054530138890607210048246
046054530138890607210048246
046054530138890607210048245
046054530138890607210048245
046054530138890607210048244
046054530138890607210048244
046054530138890607210048269
046054530138890607210048269
046054530138890607210048268
046054530138890607210048268
046054530138890607210048267
046054530138890607210048267
046054530138890607210048266
046054530138890607210048266
046054530138890607210048265
046054530138890607210048265
046054530138890607210048264
046054530138890607210048264
046054530138890607210048263
046054530138890607210048263
046054530138890607210048262
046054530138890607210048262
046054530138890607210048261
046054530138890607210048261
046054530138890607210048260
046054530138890607210048260
046054530138890607210048259
046054530138890607210048259
046054530138890607210048258
046054530138890607210048258
046054530138890607210048257
046054530138890607210048257
046054530138890607210048282
046054530138890607210048282
0460545301388906